398 129
324 345
90 158
269 484
350 178
29 86
207 93
217 9
146 174
465 272
381 157
333 343
161 153
74 436
379 117
75 150
396 366
97 343
491 302
30 308
429 60
39 257
28 412
238 373
296 161
334 146
337 45
434 435
121 472
360 341
344 457
416 462
89 31
466 84
275 385
218 470
337 223
478 383
447 183
255 204
250 308
288 390
224 153
248 261
445 15
284 389
479 379
82 149
478 354
499 289
153 381
2 265
126 21
176 289
211 79
436 349
178 190
342 126
320 109
276 259
21 454
266 443
205 64
459 285
116 460
485 105
85 110
24 193
458 350
249 347
421 446
472 250
488 498
371 161
179 437
74 3
276 32
387 226
391 69
133 248
467 89
174 44
399 228
110 13
402 453
170 321
169 250
421 388
183 176
160 100
7 313
475 458
323 433
188 401
191 287
344 39
140 27
1 40
121 92
13 111
140 262
442 315
162 289
391 93
78 197
187 472
376 12
279 12
126 381
374 454
304 419
2 63
335 353
412 259
13 431
68 466
188 331
295 372
60 377
2 197
149 459
52 79
99 458
426 378
405 450
392 498
253 366
30 18
24 387
281 458
460 449
377 361
402 126
178 36
460 142
282 342
186 53
409 98
103 490
56 147
280 445
123 90
475 65
375 241
38 476
101 14
436 315
169 322
336 231
309 154
12 409
212 429
85 374
395 252
73 3
106 43
106 152
19 230
243 188
464 148
221 108
228 436
323 437
100 436
299 76
57 273
51 409
177 292
50 173
431 496
272 375
423 280
16 46
136 27
380 459
419 284
432 380
51 88
266 371
124 468
34 443
325 52
126 345
308 347
201 228
276 101
473 448
7 42
246 24
473 312
42 416
112 171
107 405
9 22
418 299
59 124
358 403
133 76
236 281
486 407
43 454
49 356
246 154
308 359
346 119
111 37
144 348
274 386
204 111
364 266
88 39
426 54
340 323
176 100
381 432
200 415
170 406
480 104
344 177
124 45
21 397
450 289
201 205
330 7
123 143
413 31
439 131
389 459
457 135
227 367
87 400
70 344
245 130
92 240
473 333
10 259
158 426
464 350
89 86
169 227
156 36
197 6
213 337
357 406
457 352
465 296
367 86
40 284
80 153
358 160
345 43
403 22
480 82
64 101
385 245
410 269
444 39
362 35
463 436
485 212
82 197
270 252
291 85
32 239
74 183
449 287
198 406
5 287
462 56
74 68
285 104
69 478
41 401
420 350
407 13
167 404
439 76
223 408
388 342
418 141
442 282
72 316
320 303
61 47
73 14
256 435
288 164
478 447
238 139
116 370
96 253
311 241
129 425
311 453
61 424
488 200
284 88
71 369
295 318
408 364
297 397
92 402
72 233
484 101
192 65
315 51
75 441
328 375
455 278
229 495
92 40
198 113
8 347
353 283
426 197
213 9
488 142
133 278
152 150
240 320
1 266
121 147
405 391
62 463
256 439
91 114
32 19
364 496
31 289
451 360
200 323
262 216
398 2
499 151
175 354
107 56
299 74
380 281
222 154
401 228
256 416
68 366
391 44
51 299
67 370
479 25
451 28
441 22
466 374
59 221
330 434
165 270
407 290
417 316
168 410
252 298
330 374
476 233
453 381
119 379
33 217
372 146
174 275
372 234
317 290
199 150
98 178
207 485
263 274
394 449
311 238
479 139
134 236
420 441
441 21
67 247
464 131
486 246
156 164
163 201
256 470
311 380
217 310
425 140
291 451
328 111
194 319
463 324
5 410
174 284
168 138
53 372
95 19
332 359
434 139
411 251
254 265
151 106
249 318
195 254
310 109
51 219
319 192
372 410
420 204
477 234
303 123
226 178
75 224
476 388
58 76
369 378
228 325
352 431
69 290
199 68
18 353
265 270
498 75
487 168
443 281
264 393
319 45
471 381
368 207
291 143
402 289
86 200
277 404
450 69
186 111
144 346
367 477
214 2
85 423
269 219
59 356
322 138
48 20
336 302
71 280
142 384
434 494
465 273
115 395
401 278
16 263
430 476
297 495
337 96
417 424
128 82
106 81
316 398
95 108
294 9
80 335
288 130
439 321
229 399
344 488
246 120
413 5
11 238
317 290
266 54
123 391
79 244
283 380
445 156
216 40
315 213
408 76
477 363
478 376
192 470
294 155
452 315
397 374
72 192
177 288
252 459
245 171
61 111
26 377
302 342
71 204
320 246
135 113
203 418
320 94
343 142
70 213
287 217
470 132
62 155
170 235
471 215
40 200
211 287
478 58
424 430
484 57
69 12
496 363
400 484
301 43
476 387
425 63
347 65
336 425
24 225
154 199
316 474
224 228
140 476
248 269
179 357
112 367
195 216
443 456
91 85
70 304
123 40
296 324
454 30
159 50
98 405
59 299
113 334
465 352
287 409
39 440
139 5
142 223
384 131
185 307
20 334
241 64
306 60
442 414
20 430
237 479
143 316
169 271
364 230
18 442
101 385
122 126
15 176
119 10
197 499
332 472
125 273
488 333
479 146
459 307
374 393
373 256
279 257
44 359
224 92
486 474
143 90
58 35
221 383
360 337
165 209
415 180
421 277
430 212
224 261
368 6
361 126
223 417
196 394
268 209
56 84
476 46
15 374
224 303
282 432
113 363
247 280
312 323
243 464
169 16
194 458
28 364
84 268
61 259
326 483
155 63
355 433
38 261
404 277
183 288
269 499
274 415
81 373
238 308
154 311
52 276
309 186
366 334
315 410
86 67
138 52
464 125
147 417
36 53
6 386
348 22
29 327
199 14
82 154
229 100
204 489
48 217
11 240
180 7
390 338
23 415
145 499
26 446
48 108
461 428
429 31
145 13
23 336
274 287
71 121
21 188
256 280
226 283
103 38
352 398
196 267
81 223
454 121
33 121
172 22
205 187
405 389
287 67
416 186
309 252
150 235
462 394
377 362
51 370
335 54
413 167
174 54
177 223
180 215
90 183
416 42
377 461
285 278
317 289
132 447
67 281
96 144
73 477
205 22
66 464
9 487
351 336
190 8
334 134
280 474
134 93
87 364
373 228
429 72
400 215
125 264
440 465
86 289
33 152
408 70
203 325
240 442
126 458
307 182
297 369
246 256
145 208
80 47
202 426
16 89
157 234
472 324
449 467
465 356
150 166
438 81
275 6
403 423
238 72
130 302
484 401
471 382
317 188
226 382
251 300
94 67
175 315
149 96
72 304
377 424
456 341
154 427
105 152
485 84
477 185
379 344
27 343
432 134
26 342
97 406
21 116
315 135
206 479
93 42
410 407
349 387
415 82
445 354
294 222
306 198
251 315
220 231
291 304
63 97
349 408
297 146
331 187
282 192
192 112
85 443
24 67
410 452
2 297
471 38
380 216
379 364
219 458
364 435
430 34
479 481
260 442
129 331
5 142
422 116
121 150
131 468
474 458
180 81
408 349
51 193
440 444
412 323
213 408
29 262
413 339
279 135
376 355
488 277
495 293
217 169
204 151
277 393
183 329
416 213
199 439
253 206
114 164
99 96
483 100
144 50
242 359
148 489
195 135
478 287
259 211
247 324
432 287
160 152
55 330
360 267
409 210
76 455
373 376
403 164
448 223
481 237
242 298
435 114
251 375
143 282
235 409
5 252
287 354
419 448
273 327
11 230
92 152
428 18
328 352
489 43
205 340
340 110
226 422
193 336
137 57
2 428
180 301
49 223
449 254
399 63
109 147
185 126
377 146
344 183
130 150
304 301
164 309
193 478
433 317
305 360
467 257
35 140
107 198
233 61
438 17
293 51
73 486
345 249
178 110
196 249
456 464
147 170
491 92
470 259
343 234
435 350
361 410
107 98
350 201
174 144
212 21
379 229
152 470
410 407
373 279
244 41
379 99
107 231
361 180
231 22
370 49
82 42
316 300
160 283
474 225
231 90
299 170
488 467
369 356
450 264
307 298
21 12
314 109
105 438
229 249
443 352
195 111
290 372
417 418
148 454
367 250
409 379
449 338
33 430
362 369
219 487
112 114
113 478
90 63
133 135
424 135
219 270
67 86
22 213
103 64
167 192
428 323
272 72
12 119
254 425
349 55
444 479
161 352
377 24
127 68
380 8
119 349
466 64
57 362
397 140
232 263
339 112
306 292
452 427
160 95
101 125
3 111
484 212
218 112
207 216
245 235
267 24
190 348
208 201
404 184
31 318
267 466
199 390
482 195
419 116
495 210
454 59
388 422
422 476
210 86
95 205
154 122
171 476
220 265
407 286
35 69
152 468
333 422
110 165
32 448
403 234
475 160
354 118
163 102
277 162
2 287
243 43
192 238
243 452
331 430
469 291
37 463
149 88
356 217
43 327
131 52
423 302
453 44
478 143
496 43
139 74
341 89
86 134
422 273
362 478
379 243
275 151
94 27
423 147
126 171
116 424
494 419
327 466
92 158
22 229
12 447
55 493
311 310
257 68
27 459
131 82
34 32
65 319
340 357
388 53
166 87
98 478
23 456
298 95
189 94
155 400
228 461
389 10
